5163.1575670644243                 6806.8180791650138       8977.2739646595655          2598.0792870876185                 7162.5237586596268          6691.2041993469038         1043.6422009949033
6922.8216193121125          3.0480056154058  9926.6081118198181  100.3082369457076            5135.1567125461588      7808.2382885219886     1439.6542863246559           249.6179692983795                    214.0065309610279                 9280.5883968626968             2687.3871883297220      7612.8426770836513         6644.2027649769589  8364.5604419080173         4740.7550279244360       254.6181218909269         2500.3814813684498
        2293.6803491317482                  835.3306680501725                  5962.7923215430155    9622.5988341929387    57.3069246498001            1557.9630726035341                8398.5614795373385         5958.4870143742182       2568.3835566270945             9935.9135715811644              3410.1040681173131                    982.0299691763055
8393.5613269447913           9066.2766808069100                 4896.4546037171549       7597.8422193060087            8551.5661488692895   1076.6432081057162              1911.3635059663686         7586.8418836024048       9282.8936429944770        4696.1433149204995                  1388.0423596911528
                1936.3642689291055     3408.4091921750542                   3556.4137089144565            9241.8923917355878          5003.4578691976685               3366.7130954924160      4270.1303140354621   620.6292916653950    4700.7538071840572         1766.0538956877347               441.6238288521989            8153.8591875972779             6313.4978484450821          875.0267036957915
7071.5209814752643                 7030.2145451216165  5344.7734611041597           4672.1425824762719                  9823.9101535081027                  2339.3765678884242     8316.5589770195620      2108.6747032074954           6451.5020599993895       2859.6976226081119             9307.2840357676923             4090.7351908932769
2187.0667439802241
              1007.9462874233222  694.3263649403364
           9577.2922757652523     4330.4373302407912                 8576.2617267372661               5245.4652546769612                   2164.3712271492659
      8415.8671834467605         6874.8201544236581 5261.1605578783528     6329.8035218359937                    5419.1653798028501                8548.8712424085206     2600.6897183141577  2697.0823084200570             1147.3401898251288      8795.5735953856019            4359.4382152775661     1789.0545976134526     3822.7270119327372                  3839.4223456526383                   4947.1509750663781      844.0257576219977        6021.4889370403152    67.6124149296548
                  1.2859889522988               5901.4852748191779   4824.1472212897124                    4664.1423383281963 4480.4419080172129      8666.2644734031182         3974.1212805566574            5070.7650990325628    8971.5789666432684                   4321.7422406689657     2884.6983855708486         5112.1560106204415   6528.1992248298593
